{
  "actions": {
    "aggro": [
      {
        "bones": [
          {
            "Matrix": [
              -0.999848484992981,
              0.017400545999407768,
              -0.000157416972797364,
              0,
              0.01739460416138172,
              0.9996753334999084,
              0.018614372238516808,
              -2.9802322387695312e-08,
              0.0004812662082258612,
              0.018608814105391502,
              -0.9998267889022827,
              0,
              0,
              0,
              0,
              1
            ]
          },
          {
            "Matrix": [
              -0.9999997615814209,
              3.899913281202316e-08,
              -8.645356501801871e-07,
              -5.9920806884765625,
              -8.631518539914396e-07,
              1.862645149230957e-08,
              0.9999999403953552,
              9.99999713897705,
              3.901368472725153e-08,
              1.0000001192092896,
              5.587935447692871e-08,
              9.089340209960938,
              0,
              0,
              0,
              1
            ]
          },
          {
            "Matrix": [
              -0.9999997615814209,
              3.371096681803465e-07,
              -5.274901013763156e-07,
              -20.414033889770508,
              -5.277183845464606e-07,
              6.146728992462158e-07,
              0.9999998807907104,
              15.956130027770996,
              3.37051460519433e-07,
              1.0000001192092896,
              -5.364418029785156e-07,
              42.55031204223633,
              0,
              0,
              0,
              1
            ]
          },
          {
            "Matrix": [
              0.9999827146530151,
              0.005654650740325451,
              4.4033768062945455e-05,
              -6.013487339019775,
              -0.005556512624025345,
              0.9811244010925293,
              0.19327722489833832,
              -5.708223819732666,
              0.0010498191695660353,
              -0.19329412281513214,
              0.9810402989387512,
              1.920444369316101,
              0,
              0,
              0,
              1
            ]
          },
          {
            "Matrix": [
              -0.9999997615814209,
              3.899913281202316e-08,
              -8.645356501801871e-07,
              5.992080211639404,
              -8.631518539914396e-07,
              1.862645149230957e-08,
              0.9999999403953552,
              10.00000286102295,
              3.901368472725153e-08,
              1.0000001192092896,
              5.587935447692871e-08,
              9.089341163635254,
              0,
              0,
              0,
              1
            ]
          },
          {
            "Matrix": [
              -0.9999998211860657,
              -5.8498699218034744e-09,
              -3.8773623600718565e-07,
              15.32876968383789,
              -3.85313569495338e-07,
              2.7008354663848877e-07,
              0.9999999403953552,
              15.956128120422363,
              -5.878973752260208e-09,
              1.0000001192092896,
              -1.8440186977386475e-07,
              42.24390411376953,
              0,
              0,
              0,
              1
            ]
          },
          {
            "Matrix": [
              0.9999827146530151,
              -0.005657453089952469,
              0.00015419033297803253,
              6.013485908508301,
              0.005450293887406588,
              0.9553137421607971,
              -0.2955172657966614,
              6.003198146820068,
              0.0015247073024511337,
              0.2955395579338074,
              0.9552445411682129,
              3.089512348175049,
              0,
              0,
              0,
              1
            ]
          },
          {
            "Matrix": [
              -0.9972279071807861,
              -1.0699119812329627e-08,
              -0.07440509647130966,
              0.07440436631441116,
              -0.07440510392189026,
              1.4466297670878703e-07,
              0.9972280859947205,
              -0.9972307085990906,
              -5.894278842788481e-09,
              1.0000001192092896,
              -6.518850881320759e-08,
              14.815500259399414,
              0,
              0,
              0,
              1
            ]
          },
          {
            "Matrix": [
              -0.997192919254303,
              -0.008987510576844215,
              -0.07433093339204788,
              0.07440430670976639,
              -0.07454849779605865,
              0.026951977983117104,
              0.9968531131744385,
              -0.9972299337387085,
              -0.006955870892852545,
              0.999596357345581,
              -0.02754625864326954,
              20.315500259399414,
              0,
              0,
              0,
              1
            ]
          },
          {
            "Matrix": [
              -0.9971994161605835,
              0.00847564171999693,
              -0.0743037760257721,
              -0.005233153700828552,
              -0.0744972676038742,
              -0.025416947901248932,
              0.996897280216217,
              -0.7584110498428345,
              0.006560761481523514,
              0.999640941619873,
              0.02597726322710514,
              29.172826766967773,
              0,
              0,
              0,
              1
            ]
          },
          {
            "Matrix": [
              -0.7779883146286011,
              -0.5775731205940247,
              -0.24727082252502441,
              -6.83214807510376,
              0.5742954611778259,
              -0.8133566975593567,
              0.09292759001255035,
              -1.0476295948028564,
              -0.2547920048236847,
              -0.06970997154712677,
              0.9644801616668701,
              26.097755432128906,
              0,
              0,
              0,
              1
            ]
          },
          {
            "Matrix": [
              0.9238705635070801,
              -0.3805235028266907,
              -0.04080304503440857,
              -9.894604682922363,
              0.32468995451927185,
              0.7229158878326416,
              0.6098930835723877,
              -5.36027717590332,
              -0.2025814801454544,
              -0.5767109394073486,
              0.7914329767227173,
              25.728134155273438,
              0,
              0,
              0,
              1
            ]
          },
          {
            "Matrix": [
              0.988364040851593,
              -0.016347497701644897,
              -0.15122459828853607,
              -12.869138717651367,
              -0.030740080401301384,
              0.9522268176078796,
              -0.3038414716720581,
              0.2907228469848633,
              0.1489674150943756,
              0.3049548268318176,
              0.9406439661979675,
              21.22001075744629,
              0,
              0,
              0,
              1
            ]
          },
          {
            "Matrix": [
              0.9874695539474487,
              0.05863355100154877,
              -0.14651255309581757,
              -13.000014305114746,
              -0.07642269134521484,
              0.9899619221687317,
              -0.11889417469501495,
              7.914103984832764,
              0.13807088136672974,
              0.12860150635242462,
              0.9820377826690674,
              23.66143226623535,
              0,
              0,
              0,
              1
            ]
          },
          {
            "Matrix": [
              -0.8686992526054382,
              0.4943636357784271,
              -0.03108150325715542,
              6.911966323852539,
              -0.4923378825187683,
              -0.8548372983932495,
              0.1638811230659485,
              -0.022169526666402817,
              0.05444701761007309,
              0.15766622126102448,
              0.9859899878501892,
              26.09775161743164,
              0,
              0,
              0,
              1
            ]
          },
          {
            "Matrix": [
              0.812687337398529,
              0.5644286274909973,
              -0.14477860927581787,
              9.533222198486328,
              -0.32707852125167847,
              0.6474944353103638,
              0.6883103847503662,
              -4.554758071899414,
              0.4822458028793335,
              -0.5120267271995544,
              0.7108215093612671,
              26.93374252319336,
              0,
              0,
              0,
              1
            ]
          },
          {
            "Matrix": [
              0.9852913022041321,
              -0.11807431280612946,
              -0.12353601306676865,
              13.945333480834961,
              0.07801802456378937,
              0.9539791941642761,
              -0.2895452380180359,
              0.5066752433776855,
              0.15203937888145447,
              0.2756469249725342,
              0.9491586089134216,
              22.93125343322754,
              0,
              0,
              0,
              1
            ]
          },
          {
            "Matrix": [
              0.9831147193908691,
              -0.13957487046718597,
              -0.11834585666656494,
              13.000051498413086,
              0.12734243273735046,
              0.9862520694732666,
              -0.10531052947044373,
              8.144063949584961,
              0.13141825795173645,
              0.08846057951450348,
              0.9873718023300171,
              25.13803482055664,
              0,
              0,
              0,
              1
            ]
          },
          {
            "Matrix": [
              0.999946653842926,
              0.010347814299166203,
              -5.660206079483032e-05,
              -5.948933124542236,
              -0.0012734197080135345,
              0.12847581505775452,
              0.9917125105857849,
              -0.865927517414093,
              0.010269291698932648,
              -0.9916586875915527,
              0.1284826397895813,
              14.73723316192627,
              0,
              0,
              0,
              1
            ]
          },
          {
            "Matrix": [
              0.9997503161430359,
              -0.021541375666856766,
              -0.006008860655128956,
              -5.869968891143799,
              -0.012344099581241608,
              -0.7555856704711914,
              0.6549338698387146,
              0.11447381973266602,
              -0.018648425117135048,
              -0.6546955108642578,
              -0.755662202835083,
              7.169867038726807,
              0,
              0,
              0,
              1
            ]
          },
          {
            "Matrix": [
              0.9997889995574951,
              -0.020062707364559174,
              -0.004364006221294403,
              6.011566162109375,
              0.019580218940973282,
              0.8677027225494385,
              0.4966961741447449,
              0.026456108316779137,
              -0.006178414449095726,
              -0.49667811393737793,
              0.8679113984107971,
              14.737232208251953,
              0,
              0,
              0,
              1
            ]
          },
          {
            "Matrix": [
              0.9997285008430481,
              0.022981800138950348,
              -0.00379369268193841,
              5.858467102050781,
              0.006191340275108814,
              -0.10517212748527527,
              0.9944339394569397,
              6.647919178009033,
              0.02245490625500679,
              -0.99418705701828,
              -0.1052875816822052,
              10.947068214416504,
              0,
              0,
              0,
              1
            ]
          }
        ],
        "frame_time_secs": 0
      },
      {
        "bones": [
          {
            "Matrix": [
              -0.999848484992981,
              0.017400545999407768,
              -0.000157416972797364,
              0,
              0.01739460416138172,
              0.9996753334999084,
              0.018614372238516808,
              -2.9802322387695312e-08,
              0.0004812662082258612,
              0.018608814105391502,
              -0.9998267889022827,
              0,
              0,
              0,
              0,
              1
            ]
          },
          {
            "Matrix": [
              -0.9999997615814209,
              3.899913281202316e-08,
              -8.645356501801871e-07,
              -5.9920806884765625,
              -8.631518539914396e-07,
              1.862645149230957e-08,
              0.9999999403953552,
              9.99999713897705,
              3.901368472725153e-08,
              1.0000001192092896,
              5.587935447692871e-08,
              9.089340209960938,
              0,
              0,
              0,
              1
            ]
          },
          {
            "Matrix": [
              -0.9999997615814209,
              3.371096681803465e-07,
              -5.274901013763156e-07,
              -20.414033889770508,
              -5.277183845464606e-07,
              6.146728992462158e-07,
              0.9999998807907104,
              15.956130027770996,
              3.37051460519433e-07,
              1.0000001192092896,
              -5.364418029785156e-07,
              42.55031204223633,
              0,
              0,
              0,
              1
            ]
          },
          {
            "Matrix": [
              0.999983012676239,
              0.005606045480817556,
              1.8651304344530217e-05,
              -6.013487339019775,
              -0.0017102065030485392,
              0.3018873333930969,
              0.9532442688941956,
              -7.073290824890137,
              0.005338842049241066,
              -0.9533274173736572,
              0.30186164379119873,
              4.634451389312744,
              0,
              0,
              0,
              1
            ]
          },
          {
            "Matrix": [
              -0.9999997615814209,
              3.899913281202316e-08,
              -8.645356501801871e-07,
              5.992080211639404,
              -8.631518539914396e-07,
              1.862645149230957e-08,
              0.9999999403953552,
              10.00000286102295,
              3.901368472725153e-08,
              1.0000001192092896,
              5.587935447692871e-08,
              9.089341163635254,
              0,
              0,
              0,
              1
            ]
          },
          {
            "Matrix": [
              -0.9999998211860657,
              -5.8498699218034744e-09,
              -3.8773623600718565e-07,
              15.32876968383789,
              -3.85313569495338e-07,
              2.7008354663848877e-07,
              0.9999999403953552,
              15.956128120422363,
              -5.878973752260208e-09,
              1.0000001192092896,
              -1.8440186977386475e-07,
              42.24390411376953,
              0,
              0,
              0,
              1
            ]
          },
          {
            "Matrix": [
              0.9999824166297913,
              -0.005711323581635952,
              0.00015566925867460668,
              6.013485908508301,
              0.005630500614643097,
              0.9897283911705017,
              0.142837256193161,
              -1.291623830795288,
              -0.0009699466172605753,
              -0.14284680783748627,
              0.9896565079689026,
              1.9110331535339355,
              0,
              0,
              0,
              1
            ]
          },
          {
            "Matrix": [
              -0.9997879862785339,
              -1.0719906740064289e-08,
              0.020577818155288696,
              -0.02052132971584797,
              0.020577821880578995,
              1.450351021503593e-07,
              0.9997881650924683,
              -0.9429551362991333,
              -1.2083160250142555e-08,
              1.0000001192092896,
              -6.470641977784908e-08,
              15.986122131347656,
              0,
              0,
              0,
              1
            ]
          },
          {
            "Matrix": [
              -0.9997667670249939,
              -0.006388937588781118,
              0.020616060122847557,
              -0.020521389320492744,
              0.020431749522686005,
              0.0276833176612854,
              0.9994078278541565,
              -0.9429543614387512,
              -0.00695587694644928,
              0.999596357345581,
              -0.02754625864326954,
              21.486122131347656,
              0,
              0,
              0,
              1
            ]
          },
          {
            "Matrix": [
              -0.9997683167457581,
              0.006025040987879038,
              0.020647278055548668,
              -0.07713314145803452,
              0.02048335410654545,
              -0.026106631383299828,
              0.9994491338729858,
              -0.697655200958252,
              0.006560755427926779,
              0.999640941619873,
              0.02597726322710514,
              30.343448638916016,
              0,
              0,
              0,
              1
            ]
          },
          {
            "Matrix": [
              -0.7906290888786316,
              -0.5308163166046143,
              -0.30518701672554016,
              -6.900679588317871,
              0.49537527561187744,
              -0.847486138343811,
              0.19070911407470703,
              -0.33762460947036743,
              -0.35987359285354614,
              -0.00040195882320404053,
              0.9330012202262878,
              27.26837730407715,
              0,
              0,
              0,
              1
            ]
          },
          {
            "Matrix": [
              0.9217671155929565,
              -0.3718336224555969,
              -0.10993173718452454,
              -9.715218544006348,
              0.3379102945327759,
              0.6312945485115051,
              0.6980570554733276,
              -4.831236362457275,
              -0.19016176462173462,
              -0.680593729019165,
              0.7075532078742981,
              27.266246795654297,
              0,
              0,
              0,
              1
            ]
          },
          {
            "Matrix": [
              0.9797524809837341,
              -0.04724472761154175,
              -0.1945572942495346,
              -12.621824264526367,
              0.0034831278026103973,
              0.9756350517272949,
              -0.21937185525894165,
              0.10356378555297852,
              0.20018154382705688,
              0.2142525166273117,
              0.9560455083847046,
              21.946077346801758,
              0,
              0,
              0,
              1
            ]
          },
          {
            "Matrix": [
              0.980150580406189,
              0.0361001119017601,
              -0.19493979215621948,
              -13.0000581741333,
              -0.04301484301686287,
              0.9985826015472412,
              -0.0313505120575428,
              7.9143476486206055,
              0.19353215396404266,
              0.039113599807024,
              0.9803139567375183,
              23.66135025024414,
              0,
              0,
              0,
              1
            ]
          },
          {
            "Matrix": [
              -0.8110270500183105,
              0.5843667387962341,
              0.027395058423280716,
              6.878718376159668,
              -0.5645851492881775,
              -0.794120728969574,
              0.2249804437160492,
              -0.6212491989135742,
              0.15322589874267578,
              0.16699886322021484,
              0.9739779233932495,
              27.268373489379883,
              0,
              0,
              0,
              1
            ]
          },
          {
            "Matrix": [
              0.8634119629859924,
              0.4834382236003876,
              -0.14425139129161835,
              9.977195739746094,
              -0.25000351667404175,
              0.6583495736122131,
              0.7099820971488953,
              -4.8319010734558105,
              0.4382009506225586,
              -0.5769434571266174,
              0.6892867684364319,
              28.15384864807129,
              0,
              0,
              0,
              1
            ]
          },
          {
            "Matrix": [
              0.9942957758903503,
              -0.09445656090974808,
              -0.04955408349633217,
              13.756209373474121,
              0.08333480358123779,
              0.9778790473937988,
              -0.19185197353363037,
              0.31438636779785156,
              0.0665803775191307,
              0.18662670254707336,
              0.9801720380783081,
              23.643909454345703,
              0,
              0,
              0,
              1
            ]
          },
          {
            "Matrix": [
              0.9906046986579895,
              -0.13045214116573334,
              -0.04106144979596138,
              13.000006675720215,
              0.13036541640758514,
              0.9914541840553284,
              -0.004775732755661011,
              8.143113136291504,
              0.04133430868387222,
              -0.0006233751773834229,
              0.999144971370697,
              25.138010025024414,
              0,
              0,
              0,
              1
            ]
          },
          {
            "Matrix": [
              0.9998263120651245,
              0.01863996312022209,
              -4.6135857701301575e-05,
              -6.00420618057251,
              -0.0006413999944925308,
              0.03687697649002075,
              0.9993202090263367,
              -0.24056889116764069,
              0.018628999590873718,
              -0.9991459846496582,
              0.036883026361465454,
              15.907854080200195,
              0,
              0,
              0,
              1
            ]
          },
          {
            "Matrix": [
              0.999742865562439,
              -0.022544194012880325,
              -0.0025454533752053976,
              -5.861964225769043,
              -0.019220231100916862,
              -0.9012193083763123,
              0.43293681740760803,
              0.040840014815330505,
              -0.012054219841957092,
              -0.4327763319015503,
              -0.9014203548431396,
              8.28335189819336,
              0,
              0,
              0,
              1
            ]
          },
          {
            "Matrix": [
              0.999921977519989,
              -0.012069953605532646,
              -0.0031091347336769104,
              5.986997604370117,
              0.007505502551794052,
              0.38394665718078613,
              0.9233229160308838,
              -0.4873863756656647,
              -0.009950781241059303,
              -0.9232763051986694,
              0.38400667905807495,
              15.907854080200195,
              0,
              0,
              0,
              1
            ]
          },
          {
            "Matrix": [
              0.9998292326927185,
              0.01841898076236248,
              -0.0013340114383026958,
              5.894891262054443,
              0.010261508636176586,
              -0.49405795335769653,
              0.8693664073944092,
              2.4425208568573,
              0.015353748574852943,
              -0.8692324161529541,
              -0.4941645562648773,
              8.86230754852295,
              0,
              0,
              0,
              1
            ]
          }
        ],
        "frame_time_secs": 0.333333
      },
      {
        "bones": [
          {
            "Matrix": [
              -0.999848484992981,
              0.017400545999407768,
              -0.000157416972797364,
              0,
              0.01739460416138172,
              0.9996753334999084,
              0.018614372238516808,
              -2.9802322387695312e-08,
              0.0004812662082258612,
              0.018608814105391502,
              -0.9998267889022827,
              0,
              0,
              0,
              0,
              1
            ]
          },
          {
            "Matrix": [
              -0.9999997615814209,
              3.899913281202316e-08,
              -8.645356501801871e-07,
              -5.9920806884765625,
              -8.631518539914396e-07,
              1.862645149230957e-08,
              0.9999999403953552,
              9.99999713897705,
              3.901368472725153e-08,
              1.0000001192092896,
              5.587935447692871e-08,
              9.089340209960938,
              0,
              0,
              0,
              1
            ]
          },
          {
            "Matrix": [
              -0.9999997615814209,
              3.371096681803465e-07,
              -5.274901013763156e-07,
              -20.414033889770508,
              -5.277183845464606e-07,
              6.146728992462158e-07,
              0.9999998807907104,
              15.956130027770996,
              3.37051460519433e-07,
              1.0000001192092896,
              -5.364418029785156e-07,
              42.55031204223633,
              0,
              0,
              0,
              1
            ]
          },
          {
            "Matrix": [
              0.9999826550483704,
              0.005658430512994528,
              4.411813279148191e-05,
              -6.013487815856934,
              -0.005041208583861589,
              0.894393801689148,
              -0.44720596075057983,
              8.032702445983887,
              -0.0025702028069645166,
              0.447244793176651,
              0.8943169116973877,
              3.6698694229125977,
              0,
              0,
              0,
              1
            ]
          },
          {
            "Matrix": [
              -0.9999997615814209,
              3.899913281202316e-08,
              -8.645356501801871e-07,
              5.992080211639404,
              -8.631518539914396e-07,
              1.862645149230957e-08,
              0.9999999403953552,
              10.00000286102295,
              3.901368472725153e-08,
              1.0000001192092896,
              5.587935447692871e-08,
              9.089341163635254,
              0,
              0,
              0,
              1
            ]
          },
          {
            "Matrix": [
              -0.9999998211860657,
              -5.8498699218034744e-09,
              -3.8773623600718565e-07,
              15.32876968383789,
              -3.85313569495338e-07,
              2.7008354663848877e-07,
              0.9999999403953552,
              15.956128120422363,
              -5.878973752260208e-09,
              1.0000001192092896,
              -1.8440186977386475e-07,
              42.24390411376953,
              0,
              0,
              0,
              1
            ]
          },
          {
            "Matrix": [
              0.9999827146530151,
              -0.005654884502291679,
              0.0001542228419566527,
              6.013485908508301,
              0.005527010653167963,
              0.9824574589729309,
              0.18638871610164642,
              -8.267765998840332,
              -0.001205631298944354,
              -0.18640151619911194,
              0.9823857545852661,
              1.9738520383834839,
              0,
              0,
              0,
              1
            ]
          },
          {
            "Matrix": [
              -0.9953067302703857,
              7.248171840501527e-09,
              0.09676781296730042,
              -0.0967693105340004,
              0.09676782786846161,
              1.4434337458624213e-07,
              0.9953069090843201,
              -0.9953093528747559,
              9.678235990406847e-10,
              1.0000001192092896,
              -6.464666313377165e-08,
              14.815500259399414,
              0,
              0,
              0,
              1
            ]
          },
          {
            "Matrix": [
              -0.9952967166900635,
              -0.0042590247467160225,
              0.09677693992853165,
              -0.09676927328109741,
              0.09662056714296341,
              0.02808994986116886,
              0.994924783706665,
              -0.9953085780143738,
              -0.006955863907933235,
              0.999596357345581,
              -0.02754625864326954,
              20.315500259399414,
              0,
              0,
              0,
              1
            ]
          },
          {
            "Matrix": [
              -0.9952943921089172,
              0.004016449674963951,
              0.0968112200498581,
              -0.13450807332992554,
              0.09667214751243591,
              -0.0264901053160429,
              0.9949636459350586,
              -0.7464062571525574,
              0.006560768466442823,
              0.999640941619873,
              0.02597726322710514,
              29.172826766967773,
              0,
              0,
              0,
              1
            ]
          },
          {
            "Matrix": [
              -0.9281388521194458,
              -0.32523587346076965,
              -0.18105056881904602,
              -6.9107232093811035,
              0.3061712384223938,
              -0.9436534643173218,
              0.12560495734214783,
              0.1329810619354248,
              -0.2117004692554474,
              0.061146244406700134,
              0.9754200577735901,
              26.097755432128906,
              0,
              0,
              0,
              1
            ]
          },
          {
            "Matrix": [
              0.8233073949813843,
              -0.5549947023391724,
              -0.1189354658126831,
              -8.635215759277344,
              0.46940961480140686,
              0.5479708909988403,
              0.6923744082450867,
              -4.870537757873535,
              -0.31909093260765076,
              -0.6258668899536133,
              0.7116686701774597,
              26.42197036743164,
              0,
              0,
              0,
              1
            ]
          },
          {
            "Matrix": [
              0.999873697757721,
              -0.0021084845066070557,
              -0.015739113092422485,
              -12.973583221435547,
              -0.0038537681102752686,
              0.9293081760406494,
              -0.36928457021713257,
              -0.5870747566223145,
              0.015405327081680298,
              0.3692990243434906,
              0.929182767868042,
              21.529598236083984,
              0,
              0,
              0,
              1
            ]
          },
          {
            "Matrix": [
              0.9988102316856384,
              0.047573432326316833,
              -0.010716349817812443,
              -12.990463256835938,
              -0.04873969778418541,
              0.981083869934082,
              -0.18734684586524963,
              6.852823257446289,
              0.0016010927502065897,
              0.18764673173427582,
              0.9822352528572083,
              24.486148834228516,
              0,
              0,
              0,
              1
            ]
          },
          {
            "Matrix": [
              -0.6973384618759155,
              0.7165235280990601,
              0.01769685372710228,
              6.806911468505859,
              -0.7093872427940369,
              -0.6935012340545654,
              0.12580130994319916,
              -1.2007185220718384,
              0.10241222381591797,
              0.07517248392105103,
              0.9918974041938782,
              26.09775161743164,
              0,
              0,
              0,
              1
            ]
          },
          {
            "Matrix": [
              0.8914754390716553,
              0.3970177173614502,
              -0.21828864514827728,
              10.606121063232422,
              -0.2012241780757904,
              0.7786217927932739,
              0.5943543910980225,
              -4.877857685089111,
              0.40593403577804565,
              -0.4859272241592407,
              0.7740103602409363,
              26.496337890625,
              0,
              0,
              0,
              1
            ]
          },
          {
            "Matrix": [
              0.9948796033859253,
              -0.09661272913217545,
              -0.029707886278629303,
              13.709589958190918,
              0.08730145543813705,
              0.9694662094116211,
              -0.22915682196617126,
              1.2085919380187988,
              0.05094100534915924,
              0.22538860142230988,
              0.9729359745979309,
              22.69786834716797,
              0,
              0,
              0,
              1
            ]
          },
          {
            "Matrix": [
              0.9904314875602722,
              -0.13625523447990417,
              -0.02195240557193756,
              12.936125755310059,
              0.13522908091545105,
              0.9898855686187744,
              -0.04288145899772644,
              8.969966888427734,
              0.027573902159929276,
              0.03950135409832001,
              0.9988386631011963,
              24.502288818359375,
              0,
              0,
              0,
              1
            ]
          },
          {
            "Matrix": [
              0.9997593760490417,
              0.02069864049553871,
              0.007275082170963287,
              -6.009458541870117,
              -0.02183079719543457,
              0.9054702520370483,
              0.42384809255599976,
              0.16138355433940887,
              0.0021857265383005142,
              -0.42390426993370056,
              0.905704915523529,
              14.737232208251953,
              0,
              0,
              0,
              1
            ]
          },
          {
            "Matrix": [
              0.9997004270553589,
              -0.02385423146188259,
              0.005537445656955242,
              -5.85150671005249,
              -0.003174101235345006,
              0.0979962944984436,
              0.9951816201210022,
              7.071043968200684,
              -0.02428194135427475,
              -0.9949004650115967,
              0.09789225459098816,
              11.502410888671875,
              0,
              0,
              0,
              1
            ]
          },
          {
            "Matrix": [
              0.9999974370002747,
              -0.0017480552196502686,
              0.0012616068124771118,
              5.927997589111328,
              -0.001574486494064331,
              -0.19242140650749207,
              0.981309175491333,
              -0.9992374777793884,
              -0.0014726929366588593,
              -0.9813105463981628,
              -0.19242385029792786,
              14.737232208251953,
              0,
              0,
              0,
              1
            ]
          },
          {
            "Matrix": [
              0.9998614192008972,
              0.015942757949233055,
              0.00477833254262805,
              5.914658069610596,
              0.008857387118041515,
              -0.7527803182601929,
              0.6582094430923462,
              -2.4676103591918945,
              0.01409067027270794,
              -0.6580772399902344,
              -0.7528182864189148,
              7.248824596405029,
              0,
              0,
              0,
              1
            ]
          }
        ],
        "frame_time_secs": 0.625
      },
      {
        "bones": [
          {
            "Matrix": [
              -0.999848484992981,
              0.017400545999407768,
              -0.000157416972797364,
              0,
              0.01739460416138172,
              0.9996753334999084,
              0.018614372238516808,
              -2.9802322387695312e-08,
              0.0004812662082258612,
              0.018608814105391502,
              -0.9998267889022827,
              0,
              0,
              0,
              0,
              1
            ]
          },
          {
            "Matrix": [
              -0.9999997615814209,
              3.899913281202316e-08,
              -8.645356501801871e-07,
              -5.9920806884765625,
              -8.631518539914396e-07,
              1.862645149230957e-08,
              0.9999999403953552,
              9.99999713897705,
              3.901368472725153e-08,
              1.0000001192092896,
              5.587935447692871e-08,
              9.089340209960938,
              0,
              0,
              0,
              1
            ]
          },
          {
            "Matrix": [
              -0.9999997615814209,
              3.371096681803465e-07,
              -5.274901013763156e-07,
              -20.414033889770508,
              -5.277183845464606e-07,
              6.146728992462158e-07,
              0.9999998807907104,
              15.956130027770996,
              3.37051460519433e-07,
              1.0000001192092896,
              -5.364418029785156e-07,
              42.55031204223633,
              0,
              0,
              0,
              1
            ]
          },
          {
            "Matrix": [
              0.9991455674171448,
              -0.0378703773021698,
              0.016469869762659073,
              -6.290496826171875,
              0.03316861391067505,
              0.9735050201416016,
              0.22622337937355042,
              0.8489705920219421,
              -0.02460315264761448,
              -0.22550716996192932,
              0.9738315939903259,
              1.9743083715438843,
              0,
              0,
              0,
              1
            ]
          },
          {
            "Matrix": [
              -0.9999997615814209,
              3.899913281202316e-08,
              -8.645356501801871e-07,
              5.992080211639404,
              -8.631518539914396e-07,
              1.862645149230957e-08,
              0.9999999403953552,
              10.00000286102295,
              3.901368472725153e-08,
              1.0000001192092896,
              5.587935447692871e-08,
              9.089341163635254,
              0,
              0,
              0,
              1
            ]
          },
          {
            "Matrix": [
              -0.9999998211860657,
              -5.8498699218034744e-09,
              -3.8773623600718565e-07,
              15.32876968383789,
              -3.85313569495338e-07,
              2.7008354663848877e-07,
              0.9999999403953552,
              15.956128120422363,
              -5.878973752260208e-09,
              1.0000001192092896,
              -1.8440186977386475e-07,
              42.24390411376953,
              0,
              0,
              0,
              1
            ]
          },
          {
            "Matrix": [
              0.9989156723022461,
              0.042457424104213715,
